$ANSIBLE_VAULT;1.1;AES256
36316136313163633833636361333436333437396135653430313162663634333861663730386436
6534646639636334383230373865393031376533636465320a613866323135626166376564366430
31393366313134376666613961636266333236326638323138323164656566653134346266633636
3663616639323964640a373662613836343937393633643062383736343565373335666239363636
66633165373930643665663065636633643537646562653930326239326233376664393964643564
34623331363633323664363438666638326233383133326363383733373734613763333633646136
61386539323063326636343462383661326432393366353235663861663235626263303335376535
38396139356239633434363735646137623132373536363134303135623136386332366537396338
61346136376234313431386231616438343063626437383930346631636633306139656335303535
35373538383239366134663732646331333030653433623861393230333161316663313165323961
37303661333330346430353637393230343763333934393332356261353063353762306661363161
32313965653161353433636362393834303463363435303435356465626131333261356262633039
38346333386639356131356237353132303335663733313931666165326664636133643535623130
34623830353361386336366433306361396433373736356363623533393465333235623035363661
35313430353865633135346136313066336431663339373363313061623830383439353632613233
37643431383662316366383536393161383964636164373439306631373937336330326431333331
66613538343331653666383231323638666262343637626263326331313462653731373031643939
65663833653830303835623430663462306463613632643764616338636636373832356333613134
61623236373432363131646632666661393334383735663539626239633366653065373661303563
34646630623839313735303435303166363962363765316135333838343837383231626136646434
39333833393132653937346134323036383564643334623931633233633261613962346365366265
65663866663837373531313735383864623462313230326466626133323634633866356562386535
39636364633463663633396639623162353662626539653730373836336537303566333462343538
30313334396636613739343663393431326235313562663032353161656637383937333165303066
30303961666466653130376562653630663739323831376361353035316163313534656365326361
33633532393161356162666161346234336334383935316633393366656136353237383061373063
64303435323466626165386161623564656137333532343935626164653931373930363638626665
36663330646330336538383734333562373165646134616534396535353565376632336438666362
34303035336364663136623066653932343662396165633337326264323837626335373336353439
62633839366439363532653764323538653765373832373933313037623439373030646530306635
31313162383631386661363939316131323265616666343632666131643462643665343763643636
38333663356432646432623032326638643165633131343365613539646365306438353165353035
33326635643033633463356434643262313133663265326132393932376635343038626334626661
64323533623030326239643035653638663232613062616362336336616336336635363837313362
38643434323238366465333639306261386536343263343134326333643638333130333737333832
31613365616264396265613636633034336134393064636139306665616136663134663835353239
36646233643036643435636135623463396165336339653830363363613730316566353531323963
30646339306134613636373466356133313032666431383466373761363532623962353230343333
62653039376361353663343132636462666531616637633761653531313962656232656163376531
36636237333263386137366332326135666438653063626466623662333563396533303365393334
39393566343435393633336632366134333337316362373531353466313364626433313962306465
36626336303834303066613265323137653737666138376537663439663437663466643965613634
31643562396137393934386233656364613036613433336561396231363530633765336637323762
64326163663033363664373664333234326264383036666532356231363534613136653862393339
62326436393533343536306363663637356466373338663163363133313463313666646337313431
36653065623635396137363562323234656436393061653430316362366638323430373037326361
66353366353239333766613435633536653434333264633431393238613838656261636162653539
35616366373564666565626538666365653936323863376233663738323434616332366263636633
37323734346135363036613832356531363062306335653634666331666434366430626437303565
39363030663934333030303961623837623162373933303735656164303934343433386166303436
65383861646266386362353135633837323163316261636435306238313766363061653866323539
34343037653135643339636564346530353463323938633434303066363666303232393132636438
31646338306631616165663130363830303963626337316238333137376466366163383461373239
64663335373863363462653862363636333364306165656462303930316161663233373066323034
37343433626263316435666166396131623764383834316163376533313934643333646537323161
66333838383563653630383434386431353235326662393862353366626566373764383038643536
32653862616231333132343936653736663264626466326462306562666438613930363233363539
36613039393036363839623530646463666562653332306336336261333038643061393731316165
37366530323832326566653065386239393636333837343237653030373935643033303565636461
63333337656535383464636239666364623633363461623639323732373463313638313231623464
61616435653166393362333536616665336234643031616434303338346265373833633839643564
33643566316136373837316138656337363034346636313836303861613236356536316133383463
31333336646135366364653032313963643737666134356564646234373265363464373639376531
66373635323064326231303034373039306633386439326561393236323462386333666134323665
34613563386466616533653264393438333139353036313837663463663634366335313339333566
66373062393464343236333833303832386333336437333461306431363333626336306230623939
31323665613935626262666134373333643761626635373938306363646534626637373636623965
33323765386337643466613465333162663837363139666433656563636332383731316362383765
36353561393530636631613132363231383761653233663933323562653132316364333862356363
36383835613266376134633861316636343764613564653238393766653933383664303334313730
66316164646466653964343661376339316533623530383932323365646237323435366138383331
64613736633838396564336134386531643131633235396363306636383633343833393866646339
65336336373235653231396639393362643136323231333034646330356636336639613539396533
34646361376332303237336336636539656363333233666265376130376237316635373231656562
66636461666366363433316532343931393835386264383934663633356361643238373265353338
34366237643464343330306564396366636534363763643364336630643066363434356231313534
31336264626530636333623737666262303763393864393863336639316634653963363839386230
63346666383565316239653266633566353235653066386163653832323732343562643065623431
32356562396134343862373731303937353431356231623637633033643764656137643565326363
37363135383666303736643531333631653438306631393066663764306431383664626664663465
63663433333461346333656230313737366161386463353766346165393931643062666363623730
62666263313264373366303439383666313239383839623661306239323630336265346438356136
66333962656566396636306563613563633437306131333262346164373430336234306233333630
64666430623661386435356339333936633361386530663434316163653233643332616337346465
34376162373936633534313438626437353733663164343436636334643565323637663562313961
31363937663938383538396336616634383432626162633733666332366464306230313935633366
32623234663439643131373461626236343863383336333730306265653064666130396563656135
64363631653566313364363838343135316130376334376132333261643535323761643739386433
36386465376336333535323065636230363064653065633964303939363331366561656461623063
37623336323536303462383637323833336365326266343430353938636136653761336133666461
37386562653765656530653462353664356461356533386337383439393664376231366438323635
66383361383632316463613237323338323962626332363131376466376631306432613464633136
65663135663561343734343535643736646138363933643936613964626266333836356262383062
62363162653930653863306464636664646132333139623935653063346337633336313433373261
66633732616263353335386363613039633163333165313538393266373964313536653464373334
32313132353936643436613639653535356139363364373633376631663135306639363036393535
63643662373965393034663566383239343664363762666530303031383232313632396634303434
37366439393862383938616663363930663134336366303461366165633538373561646530626239
36633434396436313162373163643965303164316365613961623661303562643337316664636138
32613334306132633536316333656137356333313763653865616436336561366138316234316262
39383565313831373036363331303338363166323432326632313835353765326566373039303731
64336533653562306431363664613966313933616237323434303966366563303063333666313864
30653338376630356334326234346336656635363635386563343039366231323966353764373732
30333762653736636361326134303461336362663262353834366166643165663932633863333834
31623630623234643266616238393639363739383835626435393431666237333738656265383035
37336263313537313563363864366134343664663331356133376337663437646664643134623237
32383133353435356339323739623965393966323030363135333265633536323432323965363833
37396631663538623465623835323635336331346261336437373265333730353439323962626138
62373037396437353633313937303530363136356137323138346237306430663331346230666639
30666563636634333732333362346531626430333836633931373835346233626465383037666138
30626638633034636532323239623632366439393433346165333836303761323432303738386632
30623030393066343664353432356537373365356166323464613230653266313964313138633030
30616439336662346330306561376662393930333861346562666531623665663165626433666432
66343732643064393364393437336266323632373431313139323431303263616337623965613531
65613361633365386462343830303161336538323737326466653636313535656539633663663037
63326564643866316531383430303439333664643530623737326666333663306137646239646434
30303736393163643139646535613764383262616136633834373937353963353361656137393963
30323238373435306639346364623133396366363739633266646162393032343265323436333238
64393839323531663663623031353361313163653962343132353034663036326464633364653363
30376162353263313730353032363366643736303862393536636661623266316533646339303538
64666231343965643338393239373966396264663534353561363666376366386435656139666132
66636231303533303362616531666162303633383030636531346362623631623232353465626239
30613032366133386661616433366265326131323334306439303262303066326664373638653534
36303839303038616264353836343066393636313063663763363831316236333936666534336432
30643735376631303231336339393631356665396666373163653930356435613832383737636631
61663539323762376365376565643835663032626161306264343131326162393737643737343232
63623531376266373930396661373163333865663634363566316334613165366561383832306161
36643830323734653032383235303863626335663836623231306162613433396130356163626439
38303134303465313834316165313531393031306437373366623335663934313633373434333333
36323234646630646338343764323138383866633331323934316331383066653434383531643735
65653538303864633939373031646534386266353963613433353661613431636130396235653136
66313463343735343766666366363438316134373431343666373665303562643432383138663536
65616534323032353438343761663335666631316430656163646663393531383532353938326633
3439373632656539303535343463343132353233363731633331
